$ANSIBLE_VAULT;1.1;AES256
37663733636337616263656263333637386636646430303563363065353631376466666230316534
3037366134633764653739333934626336393134383534390a636430343733343864333964633364
33323562383733383031353436326235343564633630353533383133396264313036653836356332
3166383731636430390a653038346639316632656539376631316533366535363165656132626637
66306437616334653832646166386563373734653065306431623237643064633734343731613537
32643861663264396334393063343536353339306538613165333733623338393533326332653539
34376365613164383961613233643137313062303839336336663761343131636137643536306334
65336638616634633131616433343763386336353965633463396233386632336239383939343732
66623961346333396630346162623437383834373462353030386335643263336162396664643763
39366636303265306164323438613832373038303861353433323839326235653434313931636638
61336562643165343964353063666435616639653835636435383238383566663965323261653638
66643264663433363734373539383962653730333031306530653133663464323966666263396432
65336535326461333735303262323139313865383866386265386339376434383761336561393736
30623633383063663763373062383836323135633738643661663238346434653931363235653639
37323939343464383739613335643237333966653666343833666161663961613536333463306630
63386335636530383733373934656235373865666631663334636432336231333937613835393439
62363764366135373131636164623532383161646633393236353135383239346238
